1 10.633
2 7.51864
3 6.13895
4 5.31648
5 4.75521
6 4.34089
7 4.01888
8 3.75932
9 3.54432
10 3.36244
11 3.20596
12 3.06947
13 2.94905
14 2.84178
15 2.74542
16 2.65824
17 2.57887
18 2.50621
19 2.43937
20 2.3776
21 2.3203
22 2.26696
23 2.21713
24 2.17045
25 2.12659
26 2.0853
27 2.04632
28 2.00944
29 1.97449
30 1.94131
31 1.90974
32 1.87966
33 1.85096
34 1.82354
35 1.7973
36 1.77216
37 1.74805
38 1.7249
39 1.70264
40 1.68122
41 1.66059
42 1.6407
43 1.62151
44 1.60298
45 1.58507
46 1.56775
47 1.55098
48 1.53474
49 1.519
50 1.50373
51 1.48891
52 1.47453
53 1.46055
54 1.44696
55 1.43375
56 1.42089
57 1.40837
58 1.39618
59 1.38429
60 1.37271
61 1.36141
62 1.35039
63 1.33963
64 1.32912
65 1.31886
66 1.30883
67 1.29902
68 1.28944
69 1.28006
70 1.27088
71 1.2619
72 1.25311
73 1.24449
74 1.23606
75 1.22779
76 1.21969
77 1.21174
78 1.20395
79 1.1963
80 1.1888
81 1.18144
82 1.17421
83 1.16712
84 1.16015
85 1.15331
86 1.14658
87 1.13997
88 1.13348
89 1.12709
90 1.12081
91 1.11464
92 1.10856
93 1.10259
94 1.09671
95 1.09092
96 1.08522
97 1.07961
98 1.07409
99 1.06865
100 1.0633
101 1.05802
102 1.05282
103 1.0477
104 1.04265
105 1.03767
106 1.03277
107 1.02793
108 1.02316
109 1.01845
110 1.01381
111 1.00924
112 1.00472
113 1.00027
114 0.995869
115 0.991529
116 0.987246
117 0.983018
118 0.978844
119 0.974723
120 0.970653
121 0.966633
122 0.962664
123 0.958742
124 0.954869
125 0.951042
126 0.94726
127 0.943523
128 0.93983
129 0.936181
130 0.932573
131 0.929007
132 0.925481
133 0.921995
134 0.918548
135 0.91514
136 0.911769
137 0.908436
138 0.905138
139 0.901877
140 0.89865
141 0.895457
142 0.892299
143 0.889173
144 0.886081
145 0.88302
146 0.879991
147 0.876992
148 0.874025
149 0.871087
150 0.868178
151 0.865299
152 0.862448
153 0.859624
154 0.856829
155 0.854061
156 0.851319
157 0.848603
158 0.845913
159 0.843249
160 0.84061
161 0.837995
162 0.835405
163 0.832838
164 0.830295
165 0.827775
166 0.825278
167 0.822804
168 0.820351
169 0.817921
170 0.815511
171 0.813123
172 0.810756
173 0.80841
174 0.806083
175 0.803777
176 0.80149
177 0.799223
178 0.796975
179 0.794745
180 0.792535
181 0.790342
182 0.788168
183 0.786012
184 0.783873
185 0.781751
186 0.779647
187 0.77756
188 0.775489
189 0.773435
190 0.771397
191 0.769375
192 0.767368
193 0.765378
194 0.763403
195 0.761443
196 0.759498
197 0.757568
198 0.755652
199 0.753751
200 0.751864
201 0.749992
202 0.748133
203 0.746288
204 0.744457
205 0.742639
206 0.740834
207 0.739042
208 0.737264
209 0.735498
210 0.733744
211 0.732004
212 0.730275
213 0.728559
214 0.726855
215 0.725162
216 0.723482
217 0.721813
218 0.720155
219 0.718509
220 0.716875
221 0.715251
222 0.713638
223 0.712036
224 0.710445
225 0.708865
226 0.707294
227 0.705735
228 0.704185
229 0.702646
230 0.701117
231 0.699598
232 0.698089
233 0.696589
234 0.695099
235 0.693618
236 0.692147
237 0.690685
238 0.689233
239 0.687789
240 0.686355
241 0.68493
242 0.683513
243 0.682105
244 0.680706
245 0.679315
246 0.677933
247 0.67656
248 0.675194
249 0.673837
250 0.672488
251 0.671147
252 0.669814
253 0.668489
254 0.667172
255 0.665862
256 0.66456
257 0.663266
258 0.66198
259 0.6607
260 0.659429
261 0.658164
262 0.656907
263 0.655657
264 0.654414
265 0.653178
266 0.651949
267 0.650727
268 0.649512
269 0.648303
270 0.647102
271 0.645907
272 0.644718
273 0.643536
274 0.642361
275 0.641192
276 0.640029
277 0.638873
278 0.637723
279 0.636579
280 0.635441
281 0.63431
282 0.633184
283 0.632064
284 0.630951
285 0.629843
286 0.628741
287 0.627644
288 0.626554
289 0.625469
290 0.624389
291 0.623316
292 0.622247
293 0.621185
294 0.620127
295 0.619075
296 0.618029
297 0.616987
298 0.615951
299 0.61492
300 0.613895
301 0.612874
302 0.611859
303 0.610848
304 0.609843
305 0.608842
306 0.607846
307 0.606856
308 0.60587
309 0.604888
310 0.603912
311 0.60294
312 0.601973
313 0.601011
314 0.600053
315 0.5991
316 0.598151
317 0.597207
318 0.596267
319 0.595332
320 0.594401
321 0.593474
322 0.592552
323 0.591634
324 0.59072
325 0.589811
326 0.588906
327 0.588004
328 0.587107
329 0.586214
330 0.585326
331 0.584441
332 0.58356
333 0.582683
334 0.58181
335 0.580941
336 0.580076
337 0.579215
338 0.578357
339 0.577504
340 0.576654
341 0.575807
342 0.574965
343 0.574126
344 0.573291
345 0.57246
346 0.571632
347 0.570808
348 0.569987
349 0.56917
350 0.568356
351 0.567546
352 0.566739
353 0.565936
354 0.565136
